자체공시
일반현황/기관운영
주요사업 및 경영성과
선택됨
대내외평가
정보공개
핵심사업활동
주요사업
중장기 경영목표
연도별 사업계획
교통방송 청취율
운전면허 시험현황
운전면허 민원현황
선택됨
전화상담 현황
중증 장애인 및 녹색제품 구매
중소기업제품 및 전통시장 온누리상품권 구매
지식재산권 등록현황
교통안전사회교육 현황
미션연계 사회공헌 활동 실적
2025년 운전면허 민원현황
2024년 운전면허 민원현황
2023년 운전면허 민원현황
2022년 운전면허 민원현황
2021년 운전면허 민원현황
2020년 운전면허 민원현황
2019년 운전면허 민원현황
2018년 운전면허 민원현황
2017년 운전면허 민원현황
2016년 운전면허 민원현황
2015년 운전면허 민원현황
2014년 운전면허 민원현황
2013년 운전면허 민원현황
2012년 운전면허 민원현황
기간 : 2025. 1. 1. ~ 12. 31 (단위 : 건)
기간 : 2024. 1. 1. ~ 12. 31 (단위 : 건)
기간 : 2023. 1. 1. ~ 12. 31 (단위 : 건)
기간 : 2022. 1. 1. ~ 12. 31 (단위 : 건)
기간 : 2021. 1. 1. ~ 12. 31 (단위 : 건)
기간 : 2020. 1. 1. ~ 12. 31 (단위 : 건)
기간 : 2019. 1. 1. ~ 12. 31 (단위 : 건)
기간 : 2018. 1. 1. ~ 12. 31 (단위 : 건)
기간 : 2017. 1. 1. ~ 12. 31 (단위 : 건)
기간 : 2016. 1. 1. ~ 12. 31 (단위 : 건)
기간 : 2015. 1. 1. ~ 12. 31 (단위 : 건)
기간 : 2014. 1. 1. ~ 12. 31 (단위 : 건)
기간 : 2013. 1. 1. ~ 12. 31 (단위 : 건)
기간 : 2012. 1. 1. ~ 12. 31 (단위 : 건)
2025
2024
2023
2022
2021
2020
2019
2018
2017
2016
2015
2014
2013
2012
검색
2025년도 운전면허 민원현황 표
구분
총계
면허발급
재교부
적성검사
면허갱신
기타
강 남
599,297
78,845
53,675
164,040
50,388
252,349
도 봉
415,594
54,382
30,040
127,248
24,209
179,715
강 서
541,443
74,048
44,566
156,533
38,876
227,420
서 부
399,680
62,150
30,552
114,491
24,341
168,146
부산북부
320,932
40,792
24,057
96,263
18,553
141,267
부산남부
401,793
40,168
37,791
129,840
32,547
161,447
대 구
612,869
67,994
46,208
204,635
42,418
251,614
인 천
506,919
55,613
34,593
155,552
31,235
229,926
대 전
374,115
47,585
30,607
114,381
24,289
157,253
울 산
300,246
29,720
22,812
97,282
20,317
130,115
용 인
905,405
98,657
63,456
287,704
68,172
387,416
안 산
488,465
54,806
34,635
157,540
39,226
202,258
의정부
376,912
32,962
26,018
119,654
28,822
169,456
춘 천
103,646
11,626
8,990
33,645
6,535
42,850
강 릉
107,726
9,621
8,688
37,266
7,188
44,963
원 주
149,496
20,089
10,358
40,953
5,778
72,318
태 백
44,014
3,208
2,347
11,054
1,503
25,902
청 주
252,997
30,348
21,938
83,364
16,555
100,792
충 주
115,185
9,489
8,954
41,151
7,273
48,318
예 산
517,397
44,043
42,782
177,452
42,062
211,058
전 북
380,908
36,954
31,286
130,041
25,276
157,351
전 남
507,226
53,871
42,078
167,673
37,556
206,048
광 양
191,250
21,054
16,976
61,706
13,491
78,023
문 경
270,205
12,613
17,876
106,984
15,323
117,409
포 항
285,776
23,212
20,707
103,462
15,399
122,996
마 산
606,557
46,502
47,569
206,078
48,861
257,547
제 주
165,224
16,481
15,566
52,706
9,952
70,519
계
9,941,277
1,076,833
775,125
3,178,698
696,145
4,214,476
2024년도 운전면허 민원현황 표
구분
총계
면허발급
재교부
적성검사
면허갱신
기타
강 남
707,756
80,711
102,882
183,287
76,582
264,294
도 봉
439,576
50,175
49,593
124,351
34,828
180,629
강 서
587,470
72,800
71,964
158,674
53,267
230,765
서 부
458,784
61,771
60,700
121,246
39,792
175,275
부산북부
273,663
35,070
27,932
74,234
16,185
120,242
부산남부
333,628
35,600
40,476
99,004
27,666
130,882
대 구
489,011
60,743
51,864
147,647
33,319
195,438
인 천
516,302
51,463
61,943
145,592
41,531
215,773
울 산
236,295
23,058
25,314
69,301
16,385
102,237
용 인
1,022,856
96,990
131,167
299,489
97,080
398,130
안 산
532,195
47,973
70,527
157,781
55,376
200,538
의정부
416,462
30,405
54,318
122,514
42,108
167,117
춘 천
87,673
9,960
10,542
26,079
5,941
35,151
강 릉
85,770
8,271
9,602
27,500
5,944
34,453
원 주
129,273
17,729
11,279
31,454
5,927
62,884
태 백
42,698
3,044
2,725
8,464
1,452
27,013
청 주
212,488
25,476
25,144
64,312
14,960
82,596
충 주
93,108
8,600
10,121
30,268
6,270
37,849
대 전
320,189
41,248
35,910
87,758
22,124
133,149
예 산
425,637
39,331
50,197
134,242
34,768
167,099
전 북
318,882
33,092
35,387
100,915
21,129
128,359
전 남
434,676
47,656
48,423
135,093
30,451
173,053
광 양
158,772
18,599
18,774
47,858
10,275
63,266
문 경
193,363
11,276
20,148
69,699
12,281
79,959
포 항
213,152
20,009
23,049
69,788
12,303
88,003
마 산
505,939
40,742
53,491
159,716
40,563
211,427
제 주
140,412
14,797
18,740
42,106
8,673
56,096
계
9,376,030
986,589
1,122,212
2,738,372
767,180
3,761,677
2023년도 운전면허 민원현황 표
구분
총계
면허발급
재교부
적성검사
면허갱신
기타
강 남
602,241
69,743
100,736
142,519
64,901
224,342
도 봉
359,783
44,039
48,330
94,777
31,312
141,325
강 서
489,320
67,567
68,064
117,800
43,588
192,301
서 부
384,245
53,739
59,745
90,892
36,264
143,605
부산북부
215,019
30,963
26,986
50,987
15,064
91,019
부산남부
260,235
31,281
38,998
66,953
24,937
98,066
대 구
376,359
55,403
49,280
99,452
24,664
147,560
인 천
409,197
43,145
59,226
103,298
36,353
167,175
울 산
179,870
19,123
23,699
45,958
13,289
77,801
용 인
816,099
85,959
121,952
216,286
79,819
312,083
안 산
412,357
39,573
66,010
109,565
45,625
151,584
의정부
327,434
25,211
50,403
88,335
36,133
127,352
춘 천
72,654
9,266
10,202
19,549
4,985
28,652
강 릉
68,513
8,049
9,225
19,452
4,787
27,000
원 주
107,791
16,208
10,693
22,035
5,190
53,665
태 백
36,987
2,970
2,480
5,634
1,125
24,778
청 주
168,590
22,484
23,173
45,489
12,941
64,503
충 주
72,015
8,125
9,483
20,829
4,882
28,696
대 전
249,199
33,564
34,620
65,418
18,770
96,827
예 산
324,025
39,149
44,083
91,014
25,748
124,031
전 북
253,667
30,570
33,783
72,312
16,762
100,240
전 남
331,862
44,299
46,004
90,435
22,068
129,056
광 양
120,815
17,082
17,163
32,298
7,424
46,848
문 경
152,357
10,302
19,147
51,102
10,583
61,223
포 항
164,930
18,896
21,597
47,947
10,461
66,029
마 산
386,760
35,698
49,811
116,176
32,747
152,328
제 주
110,671
12,883
18,885
29,349
6,514
43,040
계
7,452,995
875,291
1,063,778
1,955,861
636,936
2,921,129
2022년도 운전면허 민원현황 표
구분
총계
면허발급
재교부
적성검사
면허갱신
기타
강 남
602,238
77,209
104,995
133,206
78,247
208,732
도 봉
371,045
48,034
50,472
91,797
42,522
138,220
강 서
493,086
73,919
68,864
108,544
53,928
187,831
서 부
429,171
60,275
86,904
89,652
47,818
144,522
북 부
216,243
35,082
29,492
50,498
20,370
80,801
남 부
277,371
35,525
42,110
67,332
32,319
100,085
대 구
400,987
61,092
52,138
101,550
32,819
153,388
인 천
402,774
46,882
61,914
94,685
47,601
151,692
울 산
184,580
21,070
25,953
46,182
17,804
73,571
용 인
820,509
90,891
121,269
199,246
100,438
308,665
안 산
429,328
43,779
68,984
105,968
59,937
150,660
의정부
331,326
25,850
51,804
81,604
47,459
124,609
춘 천
74,740
9,960
11,066
19,014
6,283
28,417
강 릉
70,254
8,751
10,470
18,703
5,705
26,625
원 주
106,076
18,965
11,996
20,571
6,669
47,875
태 백
23,312
2,734
2,858
5,608
1,391
10,721
청 주
171,991
24,689
23,813
43,549
15,752
64,188
충 주
74,420
8,131
9,940
20,995
6,195
29,159
대 전
259,837
35,911
43,286
62,182
24,396
94,062
예 산
333,942
40,668
46,278
89,847
32,483
124,666
전 북
261,501
33,046
35,514
70,445
21,748
100,748
전 남
348,350
48,833
48,677
89,278
30,596
130,966
광 양
126,287
17,969
18,241
32,523
10,528
47,026
문 경
151,857
12,070
19,940
48,151
12,550
59,146
포 항
171,965
20,909
22,527
48,007
13,231
67,291
마 산
384,892
39,802
53,614
105,901
40,932
144,643
제 주
112,616
14,361
19,944
28,575
7,468
42,268
총계
7,630,849
956,407
1,143,063
1,873,613
817,189
2,840,577
2021년도 운전면허 민원현황 표
구분
총계
면허발급
재교부
적성검사
면허갱신
기타
강 남
283,782
78,983
93,006
26,822
32,913
52,058
도 봉
179,959
53,877
46,987
20,481
16,811
41,803
강 서
267,056
84,068
61,701
20,357
21,098
79,832
서 부
194,200
63,179
51,630
15,532
18,617
45,242
북 부
114,135
38,324
26,743
10,062
8,022
30,984
남 부
135,766
39,953
36,319
15,687
12,094
31,713
대 구
210,832
68,388
48,884
20,895
15,646
57,019
인 천
186,535
51,269
53,070
15,919
18,736
47,541
울 산
82,435
23,790
22,717
7,675
7,511
20,742
용 인
382,098
101,544
100,737
34,193
40,485
105,139
안 산
181,534
44,461
58,390
15,570
22,215
40,898
의정부
154,070
28,623
42,332
15,169
18,307
49,639
춘 천
37,564
11,529
8,856
4,513
2,995
9,671
강 릉
35,242
10,359
8,403
4,992
2,602
8,886
원 주
57,674
21,572
9,580
4,313
3,113
19,096
태 백
10,044
3,298
2,217
1,525
687
2,317
청 주
88,985
29,041
21,298
7,965
7,261
23,420
충 주
34,328
8,721
8,880
5,310
2,736
8,681
대 전
133,246
43,358
32,095
11,800
9,911
36,082
예 산
149,165
42,967
39,585
17,906
13,597
35,110
전 북
126,842
37,644
31,525
15,632
10,277
31,764
전 남
177,368
54,731
44,116
18,065
15,770
44,686
광 양
63,427
20,499
16,376
6,706
5,017
14,829
문 경
67,398
17,687
17,626
11,963
6,880
13,242
포 항
80,460
23,900
19,357
10,705
6,732
19,766
마 산
168,902
43,339
47,430
20,224
18,310
39,599
제 주
55,283
16,637
16,090
5,326
3,193
14,037
총계
3,658,330
1,061,741
965,950
365,307
341,536
923,796
2020년도 운전면허 민원현황 표
구분
총계
면허발급
재교부
적성검사
면허갱신
기타
강 남
306,902
77,221
98,537
13,226
67,060
50,858
도 봉
190,219
54,258
48,503
9,626
36,287
41,545
강 서
290,418
88,297
63,804
10,501
45,075
82,741
서 부
207,733
62,362
56,175
7,029
38,459
43,708
북 부
115,409
36,338
26,585
5,223
16,705
30,558
남 부
144,838
39,770
37,025
8,268
26,942
32,833
대 구
210,464
70,377
47,905
11,516
24,770
55,896
인 천
199,878
51,141
53,689
8,411
37,369
49,268
울 산
84,529
24,242
22,142
4,089
14,168
19,888
용 인
394,707
100,166
99,897
12,332
83,599
98,713
안 산
198,494
46,121
57,337
7,708
45,890
41,438
의정부
161,305
28,770
39,692
6,811
37,823
48,209
춘 천
37,103
11,721
8,666
1,820
5,355
9,541
강 릉
34,608
10,268
8,179
2,153
5,280
8,728
원 주
55,235
20,569
9,353
1,762
5,164
18,387
태 백
10,469
3,740
2,189
688
1,254
2,598
청 주
87,288
27,935
20,287
3,622
13,175
22,269
충 주
34,947
10,004
8,485
2,365
5,344
8,749
대 전
141,650
46,756
31,136
6,106
19,928
37,724
예 산
143,447
39,937
37,193
8,636
25,444
32,237
전 북
123,859
36,574
31,070
7,910
18,503
29,802
전 남
172,979
54,271
42,676
9,367
22,838
43,827
광 양
62,290
21,018
15,361
3,207
7,702
15,002
문 경
60,334
15,030
16,708
6,348
10,493
11,755
포 항
75,724
22,665
18,486
5,914
10,659
18,000
마 산
172,771
43,146
46,168
9,845
34,471
39,141
제 주
59,931
18,375
16,709
2,441
5,800
16,606
총계
3,777,531
1,061,072
963,957
176,924
665,557
910,021
2019년도 운전면허 민원현황 표
구분
총계
면허발급
재교부
적성검사
면허갱신
기타
강 남
440,391
74,758
111,965
48,449
105,043
100,176
도 봉
246,253
56,130
52,899
29,822
52,038
55,364
강 서
345,699
88,677
68,613
35,401
65,607
87,401
서 부
273,337
64,144
61,091
27,973
54,317
65,812
북 부
137,708
37,634
28,835
15,849
22,619
32,771
남 부
181,450
40,025
39,153
20,715
41,151
40,406
대 구
260,570
72,206
50,913
35,373
41,675
60,403
인 천
255,569
46,707
56,748
26,597
50,381
75,136
울 산
102,867
24,826
23,697
12,716
20,718
20,910
용 인
476,600
95,911
105,303
45,806
122,111
107,469
안 산
257,670
54,500
60,178
27,609
64,924
50,459
의정부
185,415
28,992
41,028
20,612
52,560
42,223
춘 천
43,987
11,459
9,189
5,840
7,567
9,932
강 릉
42,706
10,588
8,572
5,845
8,597
9,104
원 주
61,822
20,260
10,291
6,079
7,210
17,982
태 백
11,768
3,220
2,416
1,645
2,051
2,436
청 주
103,916
28,326
21,727
12,136
17,815
23,912
충 주
42,653
10,264
8,859
6,069
8,245
9,216
대 전
166,582
46,814
33,056
19,045
28,350
39,317
예 산
171,725
39,448
37,864
23,656
38,120
32,637
전 북
152,408
36,972
32,906
20,987
29,086
32,457
전 남
214,716
56,417
44,736
27,594
40,205
45,764
광 양
75,106
21,575
15,576
9,128
13,188
15,639
문 경
72,832
13,813
17,596
13,992
14,911
12,520
포 항
92,686
23,597
19,533
13,843
15,921
19,792
마 산
214,893
43,496
48,784
29,566
53,255
39,792
제 주
82,191
21,007
17,880
8,272
9,608
25,424
총계
4,713,520
1,071,766
1,029,408
550,619
987,273
1,074,454
2018년도 운전면허 민원현황 표
구분
총계
면허발급
재교부
적성검사
면허갱신
기타
강 남
598,494
79,862
86,571
173,902
142,254
115,905
도 봉
346,047
55,349
44,916
125,649
62,617
57,516
강 서
462,546
87,644
56,488
149,854
81,388
87,172
서 부
368,250
67,211
47,660
113,641
65,281
74,457
북 부
201,756
38,531
24,277
74,534
28,892
35,522
남 부
262,085
40,323
33,798
92,964
52,515
42,485
대 구
365,359
72,210
43,135
135,428
53,665
60,921
인 천
340,551
47,126
47,743
128,212
59,202
58,268
울 산
159,633
26,920
20,185
65,194
24,737
22,59
용 인
645,088
93,083
85,643
215,235
144,909
106,218
안 산
356,166
53,275
51,317
125,536
76,006
50,032
의정부
254,819
29,650
34,804
89,111
62,278
38,976
춘 천
63,646
11,388
7,237
25,594
9,856
9,571
강 릉
59,125
10,187
7,043
22,628
10,479
8,788
원 주
77,766
19,101
7,793
26,291
7,902
16,679
태 백
17,378
3,264
2,010
7,175
2,452
2,477
청 주
144,554
28,417
18,070
53,884
20,708
23,475
충 주
62,726
10,512
7,587
26,034
9,473
9,120
대 전
229,752
47,572
27,490
80,756
33,699
40,235
예 산
248,580
38,911
31,920
100,519
45,290
31,940
전 북
210,987
36,241
27,535
81,004
34,616
31,591
전 남
294,625
55,031
38,061
107,610
49,165
44,758
광 양
104,466
21,649
12,869
38,076
16,239
15,633
문 경
121,563
12,966
15,717
62,623
18,450
11,807
포 항
140,033
22,494
16,883
62,397
18,920
19,339
마 산
336,212
45,911
42,233
143,947
64,389
39,732
제 주
101,871
20,165
14,101
32,799
12,191
22,615
총계
6,574,078
1,074,993
853,086
2,360,597
1,207,573
1,077,829
2017년도 운전면허 민원현황 표
구분
총계
면허발급
재교부
적성검사
면허갱신
기타
강 남
614,521
90,576
87,060
198,913
119,241
118,731
도 봉
349,664
58,474
45,551
146,559
50,785
48,295
강 서
449,179
87,495
56,798
169,242
65,746
69,898
서 부
367,583
67,644
47,360
134,225
52,675
65,679
북 부
208,964
39,399
24,527
91,567
23,396
30,075
남 부
272,996
45,310
34,599
112,294
43,335
37,458
대 구
371,235
66,942
42,480
167,571
47,708
46,534
인 천
339,184
48,983
47,628
153,850
47,890
40,833
울 산
170,535
27,991
20,081
82,715
20,761
18,987
용 인
633,107
91,198
84,092
256,868
110,952
89,997
안 산
356,966
51,040
51,550
154,194
59,365
40,817
의정부
245,860
28,728
34,141
103,521
48,642
30,828
춘 천
61,457
10,827
7,163
27,452
8,385
7,630
강 릉
59,061
9,251
6,731
27,834
8,619
6,626
원 주
76,226
18,006
7,757
30,225
6,497
13,741
태 백
17,011
2,659
2,024
8,522
1,859
1,947
청 주
142,491
25,799
17,284
64,573
16,998
17,837
충 주
64,667
10,155
7,283
32,054
7,849
7,326
대 전
231,555
45,519
26,765
98,517
28,521
32,233
예 산
251,510
37,106
31,432
118,658
38,404
25,910
전 북
222,121
35,841
26,666
103,793
29,789
26,032
전 남
312,749
53,269
39,282
144,266
41,954
33,978
광 양
87,558
15,378
10,718
39,939
11,723
9,800
문 경
137,340
13,090
16,222
81,603
16,396
10,029
포 항
145,484
20,483
16,623
76,953
16,271
15,154
마 산
352,780
47,341
42,920
176,690
52,657
33,172
제 주
101,736
19,425
14,108
40,215
10,364
17,624
총계
6,643,540
1,067,929
848,845
2,842,813
986,782
897,171
2016년도 운전면허 민원현황 표
구분
총계
면허발급
재교부
적성검사
면허갱신
기타
강 남
671,678
117,380
85,534
199,414
99,907
169,443
도 봉
407,531
82,754
45,394
138,286
42,843
98,254
강 서
551,898
125,715
55,759
171,114
57,277
142,033
서 부
428,395
94,212
47,812
131,775
43,724
110,872
북 부
240,775
49,324
24,638
90,312
20,428
56,073
남 부
299,609
54,905
34,025
107,687
38,588
64,404
대 구
459,282
108,265
41,746
162,894
44,873
101,504
인 천
382,651
68,393
46,227
153,781
40,151
74,099
울 산
195,688
37,744
20,931
80,719
19,464
36,830
용 인
715,278
128,084
81,274
257,669
92,740
155,511
안 산
404,244
71,111
50,355
157,192
52,960
72,626
의정부
274,963
42,065
34,675
102,082
41,590
54,551
춘 천
73,021
16,249
7,120
26,319
6,750
16,583
강 릉
71,387
15,155
6,870
28,291
6,860
14,178
원 주
93,693
26,561
7,486
28,453
5,282
25,911
태 백
21,492
3,984
2,183
9,076
1,555
4,694
청 주
166,469
36,144
16,549
64,313
14,588
34,875
충 주
75,600
13,976
7,392
33,096
6,808
14,328
대 전
275,050
60,269
26,163
99,958
25,250
63,410
예 산
283,341
51,018
30,222
120,193
32,795
49,113
전 북
263,347
53,776
26,622
104,213
26,059
52,677
전 남
471,840
99,797
49,755
178,657
50,924
92,707
문 경
155,968
20,129
15,738
85,128
14,206
20,767
포 항
172,607
30,754
16,848
81,141
14,679
29,185
마 산
395,468
70,010
43,464
168,247
45,558
68,189
제 주
109,408
23,281
13,380
38,382
8,353
26,012
총계
7,660,683
1,501,088
838,162
2,818,392
854,212
1,648,829
2015년도 운전면허 민원현황 표
구분
총계
면허발급
재교부
적성검사
면허갱신
기타
강 남
661,588
107,192
87,717
222,686
93,318
150,675
도 봉
382,809
72,543
46,504
149,746
39,253
74,763
강 서
507,803
104,305
56,186
184,594
53,852
108,866
서 부
402,778
82,618
47,738
142,568
40,654
89,200
북 부
241,408
46,634
25,811
101,135
18,664
49,164
남 부
304,099
50,790
35,268
126,237
35,240
56,564
대 구
461,434
96,665
43,075
191,834
47,671
82,189
인 천
379,630
62,630
46,890
172,102
36,637
61,371
울 산
201,627
36,122
20,805
91,906
21,886
30,908
용 인
686,079
110,475
79,029
284,341
87,161
125,073
안 산
412,045
74,926
48,557
167,687
52,124
68,751
의정부
277,769
39,396
36,989
114,213
42,161
45,010
춘 천
69,785
15,088
6,918
28,855
6,136
12,788
강 릉
70,050
13,551
6,724
31,653
7,103
11,019
원 주
86,460
22,798
7,126
31,311
5,339
19,886
태 백
21,317
3,659
2,104
10,545
1,636
3,373
청 주
159,845
32,392
16,400
68,393
15,547
27,113
충 주
74,368
13,082
7,538
35,451
6,942
11,355
대 전
268,582
53,128
26,767
110,960
27,284
50,443
예 산
282,593
45,909
29,431
133,672
33,671
39,910
전 북
265,116
52,576
27,165
114,277
27,246
43,852
전 남
470,691
91,520
50,176
199,713
54,782
74,500
문 경
168,112
19,119
16,316
100,042
14,622
18,013
포 항
179,995
27,097
17,317
97,461
14,676
23,444
마 산
396,177
63,637
45,311
185,652
47,436
54,141
제 주
108,804
22,972
12,355
41,514
8,201
23,762
총계
7,540,964
1,360,824
846,217
3,138,548
839,242
1,356,133
2014년도 운전면허 민원현황 표
구분
총계
면허발급
재교부
적성검사
면허갱신
기타
강 남
606,522
104,150
87,151
194,941
77,388
142,892
도 봉
348,091
71,425
47,548
125,251
31,393
72,474
강 서
458,384
100,832
55,355
148,713
42,288
111,196
서 부
349,686
73,045
45,878
116,787
32,622
81,354
남 부
252,915
46,175
34,575
94,918
23,730
53,517
북 부
203,452
42,329
25,700
76,552
13,026
45,845
대 구
375,090
88,422
43,294
132,384
31,405
79,585
인 천
318,707
56,891
48,098
129,118
26,298
58,302
울 산
159,142
32,290
20,939
63,328
13,401
29,184
용 인
580,804
101,752
78,334
215,368
64,066
121,284
안 산
363,122
75,772
49,700
126,813
36,285
74,552
의정부
246,106
39,430
36,933
87,644
32,179
49,920
춘 천
60,711
13,908
7,429
21,805
4,982
12,587
강 릉
57,034
11,777
6,907
22,583
5,320
10,447
원 주
76,957
22,400
7,220
22,938
4,034
20,365
태 백
18,573
3,659
2,304
7,751
1,257
3,602
청 주
134,964
29,295
16,933
50,660
12,122
25,954
충 주
61,768
12,652
7,775
24,497
5,436
11,408
대 전
228,124
49,323
27,884
83,153
18,434
49,330
예 산
228,124
49,323
27,884
83,153
18,434
49,330
전 북
230,260
50,040
27,766
87,352
20,830
44,272
전 남
403,589
85,794
50,675
155,466
36,167
75,487
문 경
131,934
20,357
16,742
63,214
12,701
18,920
포 항
136,612
23,800
17,654
61,942
10,958
22,258
마 산
334,237
59,892
46,141
138,598
34,740
54,866
제 주
85,445
18,167
11,920
31,183
6,696
17,479
누계
6,450,465
1,274,746
850,566
2,377,646
623,010
1,324,497
2013년도 운전면허 민원현황 표
구분
총계
면허발급
재교부
적성검사
면허갱신
기타
강 남
486,248
88,509
88,202
128,533
50,367
130,637
도 봉
271,732
56,893
48,974
84,095
23,193
58,577
강 서
360,763
85,179
57,622
95,363
27,977
94,622
서 부
272,399
59,717
46,172
76,054
22,570
67,886
남 부
195,628
42,645
37,257
51,452
15,373
48,901
북 부
163,862
41,059
27,155
43,301
9,422
42,925
대 구
285,225
78,376
45,705
74,775
14,591
71,778
인 천
241,500
47,951
50,053
76,549
18,429
48,518
울 산
119,809
28,755
22,503
34,826
7,142
26,583
용 인
433,635
83,468
80,417
130,217
39,178
100,355
안 산
263,924
58,472
52,814
72,230
22,679
57,729
의정부
187,831
34,677
38,460
53,619
21,043
40,032
춘 천
44,730
11,000
7,351
13,613
2,922
9,844
강 릉
43,126
10,810
7,397
13,105
2,691
9,123
원 주
60,744
19,534
7,190
13,709
2,443
17,868
태 백
14,447
3,558
2,341
4,494
664
3,390
청 주
100,417
23,632
17,704
31,017
7,059
21,005
충 주
46,377
10,920
8,123
14,646
2,907
9,781
대 전
177,505
42,224
28,029
53,752
11,353
42,147
예 산
161,930
34,460
31,107
53,647
11,532
31,184
전 북
172,634
43,678
28,779
53,052
9,396
37,729
전 남
294,142
75,606
53,303
86,882
14,399
63,952
문 경
89,514
16,928
17,930
35,241
5,106
14,309
포 항
97,430
20,571
18,982
34,708
4,866
18,303
마 산
245,121
50,520
48,483
84,144
17,165
44,809
제 주
60,603
14,776
11,592
18,020
2,435
13,780
누계
4,891,276
1,083,918
883,645
1,431,044
366,902
1,125,767
2012년도 운전면허 민원현황 표
구분
총계
면허발급
재교부
적성검사
면허갱신
기타
강 남
523,338
113,462
84,809
115,994
49,091
159,982
도 봉
309,210
83,315
48,472
74,460
26,352
76,611
강 서
411,454
115,747
54,342
83,264
30,358
127,743
서 부
312,588
87,128
43,504
66,098
23,891
91,967
남 부
220,891
58,131
35,918
47,663
17,102
62,077
북 부
196,503
60,077
26,371
38,725
10,612
60,718
대 구
339,551
110,782
44,638
68,041
14,289
101,801
인 천
266,113
67,390
47,033
65,285
21,963
64,442
울 산
143,938
42,812
21,776
32,475
8,002
38,873
용 인
480,876
119,453
75,287
113,342
39,943
132,851
안 산
308,006
84,553
48,872
67,998
25,869
80,714
의정부
210,493
45,836
36,453
46,832
23,397
57,975
춘 천
50,345
14,589
7,068
11,951
3,053
13,684
강 릉
49,903
15,574
7,198
11,353
3,028
12,750
원 주
62,902
22,405
7,029
11,498
2,482
19,488
태 백
16,442
4,937
2,349
3,723
738
4,695
청 주
111,672
30,631
17,440
28,521
7,607
27,473
충 주
51,164
14,411
7,768
13,533
3,082
12,370
대 전
197,970
56,330
26,441
46,753
12,451
55,995
예 산
171,593
43,732
28,889
50,081
11,985
36,906
전 북
195,499
58,704
28,038
48,033
9,867
50,857
전 남
343,814
109,548
51,187
77,771
14,866
90,442
문 경
100,815
24,437
17,229
35,117
5,325
18,707
포 항
108,388
27,011
18,262
33,527
5,520
24,068
마 산
266,976
67,586
47,940
72,820
18,222
60,408
제 주
62,013
17,089
11,004
15,998
2,849
15,073
누계
5,512,457
1,495,670
845,317
1,280,856
391,944
1,498,670
기타에는 연습면허, 국제면허, 수시적성검사, 적성검사(갱신) 연기가 포함
콘텐츠관리
담당부서: 면허민원처
연락처: 052-216-1642